0.0000000 0.0000000 22.0000000 8.4852814 8.4852814 -7.9287811
0.0000000 0.9904403 21.0989650 9.3884380 7.8009510 -7.3154908
-0.0912128 1.9780974 20.3399821 24.3987551 7.2004671 0.9833493
-0.2673451 2.9623143 19.3018725 23.3872620 7.0424054 2.8531248
-0.4320252 3.9474046 18.2121116 22.7277745 7.0099436 4.9757080
-0.5635914 4.9349103 17.1126803 22.5180948 7.1735670 7.3996360
-0.6374979 5.9238245 16.0772145 22.9980926 7.6714340 10.1109628
-0.6263057 6.9082305 15.2175757 38.6697320 8.8017570 2.5425726
-0.4981122 7.8989870 14.2794484 37.6656446 9.3755239 4.7601357
-0.3410620 8.8830849 13.4219540 36.0802889 10.4574162 7.1449844
-0.1307242 9.8527692 12.7019267 34.1267096 12.4998643 7.8702698
0.1588125 10.8000909 12.0994490 32.3627475 12.1462937 10.1395292
0.5312730 11.7112885 11.7605399 30.6604864 10.7048024 12.5643306
1.0040664 12.5651882 11.8624215 29.2589769 9.5204019 12.5532334
1.5957227 13.3415278 12.3846379 28.4060647 8.6590170 10.6347567
2.2984362 14.0286493 13.1572674 27.9542666 8.0440680 8.1314835
3.0860153 14.6284096 13.9578691 20.3891764 7.5691917 5.4034242
3.9314045 15.1541943 14.4493173 17.9154722 7.1480089 4.8204390
4.8089325 15.6262991 27.8107838 16.5043946 6.7798070 1.5510501
5.7144028 16.0498448 26.5910296 16.9081837 6.3720073 4.7263785
6.6245975 16.4557465 25.0193143 15.8012066 6.0743545 7.8167660
7.5502104 16.8089366 23.3179128 13.9061444 5.9535498 9.4420858
8.4999369 17.0755958 21.7929796 12.1561666 6.0559815 9.6264489
9.4726042 17.2366995 20.5556376 10.8158703 6.4092723 9.0519758
10.4587934 17.2884487 19.5683267 9.8049759 7.0436067 7.8279214
11.4481020 17.2363091 18.7447760 9.0340067 7.9573356 5.9850045
12.4324176 17.0940034 17.9743396 8.4383721 20.8967756 -7.0537772
13.4023904 16.8840680 16.7414653 8.6752609 20.9162074 -7.0399288
14.3863233 16.7542424 15.6327392 9.1131459 21.0667170 -7.0762274
15.3774964 16.7052494 14.6303873 9.8099424 21.3930773 -7.1299737
16.3692288 16.7378196 13.7224718 10.8539435 21.9577891 -7.1554379
17.3548102 16.8523346 12.8992719 12.3794709 22.8448796 -7.0889729
18.3276191 17.0483263 12.1494915 13.3314816 24.1600564 -7.1452241
19.2808881 17.3236563 11.4715139 11.7457215 26.2170750 -7.7636012
20.2067345 17.6765873 10.8991322 10.3554664 30.1319732 -8.3403494
21.0957677 18.1108448 10.4524157 9.1540752 32.7839297 -8.6785723
21.9378967 18.6285808 10.1425773 8.1343815 31.6526696 -8.7512112
22.7235201 19.2282873 9.9782597 7.2801612 30.7872807 -8.8170819
23.4441360 19.9044663 10.0014249 6.5722192 30.1706142 -8.8726802
24.0917850 20.6506304 10.2865346 5.9983443 29.7970917 -8.9199009
24.6592027 21.4593304 10.9741822 5.5526536 24.3399341 -8.6827706
25.1402944 22.3229048 12.2633594 5.2287091 19.3501295 -7.8995973
25.5328124 23.2323225 14.3876415 5.0096992 16.6429930 -7.1121060
25.8409113 24.1755859 18.0072878 4.8855388 14.9444791 -6.7652563
26.0702700 25.1417729 25.1577202 4.8667073 13.6806066 -7.6572268
26.2227407 26.1210574 23.9302699 5.0237662 12.4718830 -6.9871560
26.2877155 27.1115019 22.8913119 5.3342526 11.5410699 -6.1964201
26.2721285 28.1055374 21.9789310 5.8025350 10.7945737 -5.2223986
26.1849047 29.0975591 21.1347923 6.4144009 10.1815508 -3.9899597
26.0373892 30.0841682 20.2998644 7.1162580 9.6763690 -2.4568453
25.8439746 31.0643484 19.4182170 7.7992608 9.2697072 -0.7103301
25.6224408 32.0394223 18.4535753 8.3245336 8.9615715 0.9483912
25.3928695 33.0125734 17.4094537 8.6079831 8.7519075 2.1189154
25.1741702 33.9876649 16.3248465 8.6815040 8.6304147 2.5926656
24.9796386 34.9675176 15.2415502 8.6455058 8.5731829 2.4460167
24.8147260 35.9529020 14.1806782 8.5903131 8.5475427 1.8800518
24.6778654 36.9429489 13.1446189 8.5714813 8.5189854 1.0816596