神經20顆
族群大小1000
突變機率0.25
交配機率1.0
迭代次數100

適應函數值 : 0.07833649027912697

w [0.3892145563173106, 0.4862942293700306, 0.07122449424745317, 0.0, 0.4671938849382665, 0.9250575591407021, 0.38869609978748426, 0.2860882920688821, 1.0, 0.0, 0.0, 1.0, 0.0, 1.0, 1.0, 0.0, 0.0, 0.450132394469137, 0.5306784641782836, 0.15345528638180977, 0.7062789192409771]

m [[30.0, 23.953028286633653, 26.671368064249933, 5.033677073936016, 22.993591736190652], [27.38993996448908, 10.142053229484361, 18.024698152455056, 18.92906853001507, 10.695091612110566], [24.96701191720028, 3.6170232020902153, 7.110782188794341, 9.096525826656276, 11.089011297500004], [11.866149061643167, 0.0, 15.417386354773914, 30.0, 14.200387433284645], [26.903432687313646, 30.0, 13.745017815192542, 19.183848543298552, 3.1134223640608005], [9.100992746986902, 3.315501058200929, 13.779155886910296, 4.837662925585958, 27.673935262509424], [2.828037833348591, 11.148221786962736, 28.58242250433654, 30.0, 12.969774496730782], [24.20125663430506, 24.530079862652837, 27.353083528749643, 30.0, 16.677951695676686], [13.004016152411054, 5.467164797111609, 30.0, 7.444132344864072, 17.415531091530344], [0.5220202820903342, 5.018874849592532, 16.34091048985669, 30.0, 23.28312102359948], [0.0, 0.0, 8.206717348922297, 12.4165484173318, 22.81386949112066], [3.8784885525156354, 27.79665349799071, 14.105387138150828, 0.4084526626917371, 30.0], [30.0, 7.082558952641566, 10.846890523697075, 30.0, 3.9766646939109034], [12.729216924118058, 24.925467119536528, 9.940401851207218, 12.531737867877313, 2.2579951300694177], [30.0, 13.060134713629008, 4.193831304941543, 0.0, 30.0], [0.0, 0.0, 7.315309324162063, 24.21022790304401, 18.20320007665119], [17.880953617404632, 11.07466871116912, 0.0, 26.690802441427273, 10.638440568803508], [16.741065589722627, 21.06246692750075, 28.05491276826064, 23.136471690705548, 9.770580581462154], [5.973977621305554, 0.0, 30.0, 4.486304715290184, 22.78836905278053], [30.0, 6.448536623219013, 13.139011157147314, 11.671371796602108, 11.616446998215132]]

s [0.9529850453739508, 5.658404615688195, 0.2621492958610825, 10.0, 6.274229873871128, 0.0, 10.0, 0.0, 5.68934737599949, 0.4010995353709046, 5.564436278389011, 7.726108408983129, 2.4891832669045364, 7.221652723370568, 0.0, 7.76438156038326, 6.015487664805231, 7.883459746113918, 0.5084506104011812, 5.18799196536833]


神經10顆
族群大小1000
突變機率0.25
交配機率1.0
迭代次數200
適應函數值 : 0.07939064513101274

w [0.375034209949407, 0.38064967519747633, 0.456403499582624, 0.3678581524418278, 0.41611598060617333, 0.4529912571485561, 0.4140923932848332, 0.2718494975485498, 0.42107457386877384, 0.37132385508856774, 0.3093748243677517]

m [[2.167310433069346, 20.63388444530575, 5.405230918424902, 20.27584696615224, 0.49835051302747824], [18.08164444534467, 30.0, 14.823695061348825, 18.86285308629986, 0.0], [7.659718138314026, 6.068547885615864, 15.311531241482774, 30.0, 5.332482080244725], [18.53567075536556, 30.0, 15.894320757564602, 22.279585644505147, 0.4403478952464825], [13.807876626857453, 12.024907656608594, 19.56538411809563, 6.739543291757649, 6.7641926319944945], [2.5411285839101927, 22.98075110480496, 19.13416843235306, 2.691355503170802, 0.6864329394913323], [19.50197951127937, 3.752461083799984, 19.09917635315649, 13.591753360341148, 3.381955929989868], [14.401167441234453, 0.5807946042058497, 28.81619909115076, 11.384078398505025, 15.993445665746506], [21.840134804203146, 26.485471685951566, 30.0, 25.476582972665042, 7.581670419940045], [4.447086863503242, 0.4043972017345318, 9.293043103070108, 17.02479862725851, 9.836667921662226]]

s [4.7404654539718525, 8.481384704916811, 10.0, 8.896809892841866, 1.2006678569889448, 10.0, 1.1664689862380893, 4.677693218273717, 0.8975296337299354, 0.0]

