21.266130 10.116899 7.4519997 -13.0000000
20.081869 8.4453004 8.5352207 15.568546
19.511359 22.993142 7.0704040 -19.7134576
18.191100 25.404761 7.9534159 16.000000
17.486971 7.7251764 9.8735978 16.000000
16.318386 21.987705 7.8842048 -19.2578928
15.479712 37.943516 9.5766253 16.000000
14.686261 35.769868 10.950020 6.6935125
13.862176 34.422195 12.342696 4.4323655
13.454174 32.046718 13.459039 11.009204
13.284112 30.283648 11.942153 11.053355
13.328661 29.034511 10.782494 10.509158
13.714830 28.154486 9.8873027 10.651716
14.836157 23.906941 9.2446270 11.887455
30.249360 11.670794 8.9769592 15.475701
28.405165 11.123154 8.6615430 5.1246801
26.840501 10.895073 8.3816644 4.2025823
25.458154 10.837868 8.1240015 3.4202503
24.199682 10.892481 7.8781277 2.7290768
22.799972 10.338261 7.8011379 5.3011136
21.330752 9.0771809 8.1534305 10.200099
20.223015 7.6498972 9.4281130 15.342370
19.545121 9.7694617 7.7991278 -19.2194468
18.360466 7.7436986 24.547155 20.000000
17.511453 9.3610731 7.9302856 -16.0000000
16.525610 7.5332503 21.182297 20.000000
15.533958 8.8840061 23.931747 -16.0000000
15.056063 11.750910 29.295145 -16.0000000
15.110635 14.391544 35.904037 -16.0000000
15.354518 12.952295 34.112536 -12.3700153
16.245815 11.919792 32.972508 -13.2154200
18.100696 11.277232 6.7894133 -13.4734818
15.209440 10.588328 31.515384 8.8617558
17.287945 10.064512 12.006240 -13.7750655
25.237423 10.196862 6.6702633 -20.0000000
22.532928 9.6714720 8.1983950 2.6187114
16.744012 8.8751467 13.959115 11.134751
18.496511 8.5678038 11.962092 -7.4707397
25.764796 8.6640544 9.3167352 -13.0285595
26.489323 8.4820982 9.3638260 -2.8823980
25.246423 8.3622657 9.2902466 -3.2446617
24.085744 8.2528579 9.2722823 -2.6232117
22.833377 8.4017964 8.7732818 -5.6998949
21.655213 9.1082063 7.8429476 -10.0831807
21.028908 7.9374197 9.6278236 14.206754
19.739730 9.0654117 7.9144288 -16.3988237
19.274220 7.5305300 10.551838 20.000000
17.879418 8.2986252 8.7142340 -14.8934609
17.195672 10.730208 7.1663827 -20.0000000
15.968609 9.2499743 7.7898311 12.180874
15.296832 7.6255818 10.149328 20.000000
14.081334 8.7604880 8.2157707 -17.3812684
13.335015 7.4782371 10.276297 16.325336
12.167473 8.2439970 8.7443102 -13.3400604
